numStations=3
Station 0:Brockport University
Station 1:Mees Bristol
Station 2:Webster HS
numEvents=5
Access Number: 0            Sta # 0 Nom         Lower           Upper       Sta # 1 Nom         Lower           Upper       Sta # 2 Nom         Lower           Upper       
2020-02-18T19:48:34.501     437.00658692     437.00658221    437.00659162   437.00677577     437.00677118    437.00678036   437.00670798     437.00670343    437.00671252
2020-02-18T19:49:34.501     437.00545629     437.00544960    437.00546296   437.00566339     437.00565675    437.00567001   437.00561236     437.00560586    437.00561885
2020-02-18T19:50:34.501     437.00389323     437.00388426    437.00390219   437.00409469     437.00408560    437.00410377   437.00408359     437.00407476    437.00409240
2020-02-18T19:51:34.501     437.00189211     437.00188121    437.00190301   437.00204585     437.00203459    437.00205711   437.00210142     437.00209054    437.00211230
2020-02-18T19:52:34.501     436.99962245     436.99961095    436.99963396   436.99968804     436.99967605    436.99970004   436.99982011     436.99980847    436.99983176
2020-02-18T19:53:34.501     436.99740789     436.99739751    436.99741828   436.99737911     436.99736832    436.99738992   436.99756481     436.99755418    436.99757544
2020-02-18T19:54:34.501     436.99553719     436.99552896    436.99554544   436.99544385     436.99543540    436.99545232   436.99564371     436.99563524    436.99565219
2020-02-18T19:55:34.501     436.99411714     436.99411114    436.99412316   436.99399610     436.99399004    436.99400218   436.99418094     436.99417476    436.99418714
2020-02-18T19:56:34.501     436.99310496     436.99310076    436.99310916   436.99298083     436.99297666    436.99298501   436.99313893     436.99313462    436.99314325
2020-02-18T19:57:34.501     436.99240569     436.99240282    436.99240856   436.99229000     436.99228719    436.99229282   436.99242066     436.99241772    436.99242361
2020-02-18T19:58:34.501     436.99193042     436.99192849    436.99193236   436.99182688     436.99182500    436.99182875   436.99193369     436.99193171    436.99193567
2020-02-18T19:59:34.501     436.99161255     436.99161127    436.99161383   436.99152122     436.99152000    436.99152245   436.99160859     436.99160729    436.99160990
2020-02-18T20:00:34.501     436.99140613     436.99140532    436.99140694   436.99132575     436.99132500    436.99132651   436.99139763     436.99139680    436.99139846
Access Number: 1            Sta # 0 Nom         Lower           Upper       Sta # 1 Nom         Lower           Upper       Sta # 2 Nom         Lower           Upper       
2020-02-18T21:25:25.173     437.00879252     437.00879071    437.00879434   437.00893050     437.00892889    437.00893209   437.00884199     437.00884029    437.00884370
2020-02-18T21:26:25.173     437.00830772     437.00830455    437.00831087   437.00849814     437.00849529    437.00850098   437.00838630     437.00838333    437.00838927
2020-02-18T21:27:25.173     437.00746087     437.00745533    437.00746641   437.00772640     437.00772128    437.00773149   437.00758847     437.00758323    437.00759368
2020-02-18T21:28:25.173     437.00597719     437.00596756    437.00598681   437.00633408     437.00632488    437.00634326   437.00618380     437.00617464    437.00619294
2020-02-18T21:29:25.173     437.00350308     437.00348788    437.00351825   437.00390836     437.00389309    437.00392360   437.00380833     437.00379357    437.00382305
2020-02-18T21:30:25.173     437.00005689     437.00003851    437.00007528   437.00035051     437.00033112    437.00036990   437.00040411     437.00038563    437.00042259
2020-02-18T21:31:25.173     436.99659078     436.99657544    436.99660615   436.99666205     436.99664570    436.99667842   436.99686084     436.99684492    436.99687678
2020-02-18T21:32:25.173     436.99408084     436.99407106    436.99409064   436.99401353     436.99400337    436.99402373   436.99423812     436.99422785    436.99424842
2020-02-18T21:33:25.173     436.99257011     436.99256447    436.99257576   436.99246497     436.99245929    436.99247067   436.99265107     436.99264515    436.99265700
2020-02-18T21:34:25.173     436.99170686     436.99170365    436.99171009   436.99160545     436.99160229    436.99160862   436.99174681     436.99174345    436.99175017
2020-02-18T21:35:25.173     436.99121219     436.99121034    436.99121405   436.99112447     436.99112269    436.99112625   436.99123079     436.99122886    436.99123272
2020-02-18T21:36:25.173     436.99092782     436.99092676    436.99092888   436.99085369     436.99085270    436.99085469   436.99093485     436.99093376    436.99093596
2020-02-18T21:37:25.173     436.99076939     436.99076882    436.99076995   436.99070646     436.99070595    436.99070698   436.99076972     436.99076914    436.99077032
2020-02-18T21:38:25.173     436.99069117     436.99069093    436.99069141   436.99063698     436.99063678    436.99063718   436.99068732     436.99068707    436.99068758
2020-02-18T21:39:25.173     436.99066738     436.99066737    436.99066739   436.99061988     436.99061986    436.99061990   436.99066070     436.99066068    436.99066072
2020-02-18T21:40:25.173     436.99068279     436.99068263    436.99068294   436.99064040     436.99064022    436.99064058   436.99067404     436.99067389    436.99067419
Access Number: 2            Sta # 0 Nom         Lower           Upper       Sta # 1 Nom         Lower           Upper       Sta # 2 Nom         Lower           Upper       
2020-02-18T23:03:29.303     437.00916859     437.00916735    437.00916982   437.00927332     437.00927228    437.00927436   437.00919030     437.00918914    437.00919147
2020-02-18T23:04:29.303     437.00882695     437.00882466    437.00882924   437.00898150     437.00897952    437.00898347   437.00886792     437.00886575    437.00887007
2020-02-18T23:05:29.303     437.00819026     437.00818595    437.00819455   437.00842695     437.00842317    437.00843073   437.00826808     437.00826403    437.00827213
2020-02-18T23:06:29.303     437.00697569     437.00696739    437.00698396   437.00734554     437.00733805    437.00735301   437.00712695     437.00711916    437.00713472
2020-02-18T23:07:29.303     437.00466960     437.00465434    437.00468482   437.00520766     437.00519312    437.00522215   437.00495205     437.00493756    437.00496649
2020-02-18T23:08:29.303     437.00090150     437.00087999    437.00092301   437.00146215     437.00143991    437.00148436   437.00131166     437.00129044    437.00133285
2020-02-18T23:09:29.303     436.99673481     436.99671635    436.99675331   436.99702644     436.99700641    436.99704652   436.99709941     436.99708028    436.99711857
2020-02-18T23:10:29.303     436.99381484     436.99380403    436.99382569   436.99386565     436.99385408    436.99387727   436.99403309     436.99402161    436.99404460
2020-02-18T23:11:29.303     436.99222030     436.99221467    436.99222595   436.99218255     436.99217672    436.99218841   436.99233536     436.99232936    436.99234139
2020-02-18T23:12:29.303     436.99138980     436.99138684    436.99139277   436.99133300     436.99133001    436.99133599   436.99145090     436.99144775    436.99145406
2020-02-18T23:13:29.303     436.99094784     436.99094625    436.99094944   436.99089221     436.99089064    436.99089379   436.99098119     436.99097950    436.99098289
2020-02-18T23:14:29.303     436.99071017     436.99070932    436.99071102   436.99066005     436.99065924    436.99066088   436.99072832     436.99072741    436.99072922
2020-02-18T23:15:29.303     436.99058839     436.99058799    436.99058880   436.99054379     436.99054341    436.99054417   436.99059752     436.99059708    436.99059796
2020-02-18T23:16:29.303     436.99053806     436.99053794    436.99053818   436.99049796     436.99049786    436.99049806   436.99054138     436.99054124    436.99054153
2020-02-18T23:17:29.303     436.99053539     436.99053531    436.99053547   436.99049873     436.99049863    436.99049882   436.99053470     436.99053464    436.99053477
2020-02-18T23:18:29.303     436.99056690     436.99056668    436.99056713   436.99053277     436.99053253    436.99053301   436.99056325     436.99056303    436.99056346
Access Number: 3            Sta # 0 Nom         Lower           Upper       Sta # 1 Nom         Lower           Upper       Sta # 2 Nom         Lower           Upper       
2020-02-19T00:42:06.211     437.00847026     437.00846792    437.00847260   437.00861212     437.00861004    437.00861420   437.00849152     437.00848926    437.00849377
2020-02-19T00:43:06.211     437.00785963     437.00785572    437.00786353   437.00806490     437.00806138    437.00806841   437.00790400     437.00790025    437.00790775
2020-02-19T00:44:06.211     437.00683950     437.00683298    437.00684600   437.00713857     437.00713260    437.00714452   437.00692597     437.00691973    437.00693220
2020-02-19T00:45:06.211     437.00516013     437.00514961    437.00517062   437.00558062     437.00557073    437.00559049   437.00531811     437.00530804    437.00532817
2020-02-19T00:46:06.211     437.00260226     437.00258732    437.00261718   437.00311849     437.00310378    437.00313318   437.00285356     437.00283906    437.00286803
2020-02-19T00:47:06.211     436.99938516     436.99936871    436.99940162   436.99986273     436.99984566    436.99987980   436.99969354     436.99967716    436.99970992
2020-02-19T00:48:06.211     436.99634184     436.99632846    436.99635525   436.99664867     436.99663435    436.99666302   436.99661963     436.99660591    436.99663336
2020-02-19T00:49:06.211     436.99412218     436.99411333    436.99413104   436.99426572     436.99425623    436.99427523   436.99432332     436.99431409    436.99433258
2020-02-19T00:50:06.211     436.99272280     436.99271743    436.99272819   436.99277149     436.99276579    436.99277720   436.99285576     436.99285011    436.99286144
2020-02-19T00:51:06.211     436.99188168     436.99187847    436.99188490   436.99188524     436.99188188    436.99188861   436.99196823     436.99196484    436.99197164
2020-02-19T00:52:06.211     436.99137867     436.99137675    436.99138060   436.99136216     436.99136017    436.99136415   436.99143570     436.99143366    436.99143774
2020-02-19T00:53:06.211     436.99107891     436.99107778    436.99108005   436.99105365     436.99105249    436.99105482   436.99111701     436.99111580    436.99111822
2020-02-19T00:54:06.211     436.99090569     436.99090506    436.99090633   436.99087667     436.99087603    436.99087732   436.99093124     436.99093056    436.99093193
2020-02-19T00:55:06.211     436.99081530     436.99081501    436.99081559   436.99078467     436.99078438    436.99078497   436.99083217     436.99083184    436.99083250
2020-02-19T00:56:06.211     436.99078210     436.99078204    436.99078215   436.99075076     436.99075071    436.99075082   436.99079271     436.99079263    436.99079279
Access Number: 4            Sta # 0 Nom         Lower           Upper       Sta # 1 Nom         Lower           Upper       Sta # 2 Nom         Lower           Upper       
2020-02-19T02:21:56.732     437.00503331     437.00502690    437.00503970   437.00529721     437.00529108    437.00530332   437.00510255     437.00509631    437.00510878
2020-02-19T02:22:56.732     437.00357554     437.00356737    437.00358371   437.00389225     437.00388431    437.00390018   437.00368147     437.00367350    437.00368944
2020-02-19T02:23:56.732     437.00178882     437.00177923    437.00179841   437.00213835     437.00212883    437.00214785   437.00193332     437.00192391    437.00194273
2020-02-19T02:24:56.732     436.99980379     436.99979373    436.99981386   437.00014748     437.00013728    437.00015769   436.99997674     436.99996677    436.99998671
2020-02-19T02:25:56.732     436.99784371     436.99783437    436.99785307   436.99814048     436.99813082    436.99815014   436.99802461     436.99801525    436.99803398
2020-02-19T02:26:56.732     436.99611950     436.99611170    436.99612730   436.99634680     436.99633864    436.99635497   436.99628787     436.99627997    436.99629578
2020-02-19T02:27:56.732     436.99473707     436.99473105    436.99474310   436.99489546     436.99488912    436.99490181   436.99488121     436.99487506    436.99488738
2020-02-19T02:28:56.732     436.99369577     436.99369134    436.99370021   436.99379844     436.99379377    436.99380312   436.99381311     436.99380854    436.99381768
2020-02-19T02:29:56.732     436.99294009     436.99293691    436.99294326   436.99300229     436.99299895    436.99300564   436.99303320     436.99302992    436.99303650
2020-02-19T02:30:56.732     436.99240390     436.99240166    436.99240613   436.99243811     436.99243576    436.99244046   436.99247706     436.99247474    436.99247938
2020-02-19T02:31:56.732     436.99203049     436.99202896    436.99203203   436.99204559     436.99204398    436.99204721   436.99208785     436.99208625    436.99208946
2020-02-19T02:32:56.732     436.99177697     436.99177595    436.99177800   436.99177892     436.99177784    436.99178000   436.99182197     436.99182089    436.99182304
